1486521356
1343932732
662793086
3624880708
655665811
1993851908
4033620423
1353120668
1141395928
359875117
461465043
2850852987
1532171089
2767531027
3379732821
3675036420
629969764
3186376089
579912970
2436313176
2754593701
3050505892
4003946083
3842363289
1377217886
1416471345
2712905841
1304459735
2787736776
736672010
2038480341
426742808
1755697647
2568944644
3101054893
3469130167
301427732
3196165219
345756458
1044193113
2307837162
2518351607
3168702960
3484649228
3984502180
4061868990
4174679674
4278019151
728614474
893081117
1026149675
1069929536
1132262048
1475773103
1488164764
1739845664
1802742206
1876516712
1951180813
2072156101
444171386
682434785
699456151
4152024626
4180339789
4192631813
4262088844
4280472072
121658888
219613597
3970348707
3981782132
3987008919
3989239879
3990165190
3999278268
4080061290
4086055493
4143991942
3757070668
3787471536
3812247419
3847255899
3861591579
3862958888
3874056184
3895125590
3900892662
3902291871
3903371924
3917501776
3918533058
3929093893
3963499524
3703315515
3728579874
3546958660
3548084598
3564062519
3581397346
3609690755
3612858749
3620039993
3630826055
3650256867
3656405053
3663206819
3663644634
3681241380
3690124666
3692679425
3695398481
3545667823
3448987385
3456868130
3460613305
3463132580
3486135912
3486509883
3505073125
3517691494
3517794615
3525819835
3381377750
3393804037
3406724313
3410276810
3412338231
3417488910
3437611258
3188613414
3188846534
3194418602
3205927392
3223586949
3249056020
3286105550
3287439187
3296789504
3312836369
3319621991
3334677549
3338918751
3353694737
3160260734
3162245632
2999939664
3003014393
3005245074
3013282534
3035832600
3039269212
3039514899
3052358707
3053254478
3062131285
3078201489
3080461301
3080673438
3087536137
3126015148
3144368207
3157435195
2736567667
2765724541
2771347558
2802050217
2809443750
2816263004
2817386317
2818520053
2833484545
2889029532
2908775872
2922118804
2936769864
2942498482
2983812512
2997294755
2715434129
2497353967
2519238556
2524324030
2531412055
2536829930
2537130571
2548391185
2566281822
2594093022
2594165727
2598821281
2621610858
2634021974
2643899483
2657817814
2672523198
2674840994
2484160806
2261744861
2264796000
2272483501
2299640309
2333339779
2360515092
2382949506
2391954683
2400073108
2411098011
2411965148
2445973230
2465164804
2465530446
2485144969
2487343317
2154757102
2170765704
2172210288
2174267100
2176659152
2191146052
2196019706
2215179066
2218488798
2222034228
2236089197
2246633323
2254540506
2091594960
2123327359
2132890591
2136773105
1887331236
1909189272
1917016601
1922255844
1939284556
1941029835
1956216962
1981688531
1987142870
2006918058
2016027501
2016857647
2031587082
2049897956
2067820283
2072687711
2078290630
1878062887
1862507111
1854776567
1841130506
1830407356
1886268224
1824333165
1663218586
1692272545
1698702674
1723137093
1737773231
1741861769
1762279763
1777363799
1783355638
1784254509
1392481335
1416466158
1426219628
1445631933
1455990255
1483171323
1491375716
1502869817
1504306544
1531094468
1545842587
1560980623
1561920505
1565978651
1591739866
1617472902
1641462412
1177543287
1203490606
1221512915
1234311532
1269098716
1274868363
1283517198
1323778901
1337041428
1341619767
1352136073
1373123368
1077420264
1078682497
1093792632
1102544804
1104234922
1107404867
1115909093
1123216662
1147287684
1039032026
1043222410
1046206681
1051415893
1058115860
1074745671
987469656
989294410
1011753235
1019737494
1030400667
1031562256
1032823388
1034187331
1036591958
917809321
920453016
941800958
960812448
970356638
970385471
970598228
887537515
356391690
390902130
516990260
524108981
712162987
734217681
867799010
868868440
872704284
884422927
886810209
886934177
903794909
906642318
914654722
683047626
686471183
704435172
719660200
736902334
819197656
838982985
850565707
544021352
586013744
621481054
627094268
633712403
642617954
661493923
666166960
368211810
384071873
394110044
408192225
408970549
410882957
418536135
447548909
464687292
470404958
482197771
486987393
499169875
500482303
540101442
75131841
83136452
108773431
117401876
142944341
159274291
165154707
184361638
196747873
223240013
234062309
237764926
240201337
272929391
310284501
321186144
338562499
3145241962
340154634
1181339704
1492612435
2334210311
1645267888
1721676810
1933662059
2044532910
2198148358
2230595153
2249373259
2762269779
3087195462
3105951696
3449006043
3579220348
3631668194
4008920556
4084658662
408825843
67753863
101905590
298565713
433954513
740289177
840387324
989381445
1180875963
1233534620
1284356689
1356124575
2538945576
92612664
534258863
1770332643
1897744184
2071877360
2370534026
2434067162
2633113103
3057713523
3467805257
3932816511
3982671785
4173521127
4240635011
1254014755
2038858402
2139203625
2166734073
2252616474
2403970600
2600885406
2704629607
2815302597
2859047862
3025077634
3854198872
3945366167
4246935337
668439077
1126868326
2645431192
2688780135
2728360112
2771538552
2841686334
2919906639
2933279331
2941886209
3001042683
3005788552
3027423925
3084515313
3089165662
3244501995
3281516360
3285698347
3308022675
3379262425
3385765638
3395457658
3401388520
3493417227
3537231886
3539435063
3606777648
3612755468
3627815886
3660088182
3676349299
3685342204
3705788919
3724934023
3796912450
3863274624
3889340782
3893323758
3968823444
4039289119
4067225593
4080511798
4135840458
4154065143
4245851645
2134119907
2550461639
2609945748
2623969160
1637620610
1653666139
1682114128
1742022738
1747439474
1753414259
1790834270
1836027715
1871995513
1873600305
1896491931
1909700336
1923400478
1934384720
1945374990
2006667053
2035069708
2068293287
2069146067
2157618379
2175389151
2196012677
2198276962
2199527893
2233918197
2306538597
2351681756
2370166601
2452219115
2490551588
2494797253
2504420315
525509695
569305213
600450546
627535535
640818791
679453769
722226637
723973206
729783779
741090084
743478836
777714999
784565758
788045382
833469436
841808271
850991848
884483972
904750859
916547552
941494461
972671128
1009171724
1086534307
1119641113
1265391242
1279262537
1456744817
1491277511
1507916787
1518533038
1549126457
1118611807
409049982
301304410
1717532765
2172320429
15219735
16646064
37348240
55628203
80636076
177270108
223258115
349315417
349605904
373261600
387748548
444994115
523724515
2482017624
2890830793
2920466844
3403504941
4055125828
4180675781
4267640610
6774487
11251904
86520421
390201602
822018448
1672195559
2006142190
2154536131
2179174271
4081974053
3715219435
3602674979
3471458123
3147997943
2859440138
2413121211
2014313426
1542143200
1489874736
1074326203
782665360
630371791
562680400
321739290
3040635986
4262731174
48339065
444583674
475220373
1353720154
1886712733
2164484578
2186977100
2589662668
3288047904
3347205726
3510150843
710198397
1044954915
1075432268
1229411063
1543134283
1593933419
1949211328
2310691317
2449479409
2623428164
2694714877
3568198617
3955379698
4212341271
4252008158
3117103977
1181327175
3249425686
295054921
744705981
745926877
788747387
837858166
1394036463
1621617168
2025593404
4244420235
469291905
741586030
1127131465
1922257928
1938952078
2287941233
2321795001
2515846680
2601952180
2611638396
2647026068
2758042359
3089277354
4260343491
456714581
330661258
873639469
1127861609
1348744438
1349725314
1581459400
3061159916
3172678083
3670438162
3703357000
3903372712
4205676014
4289813342
1644055914
628003514
931280609
1239571361
1429622905
1537277726
2112052861
2364918497
3101863448
2551651283
2844316578
2242229361
3164157193
3387490166
3852654278
3228633070
448402357
4012021193
908897389
21578287
771711535
1070967343
1448677353
2194326579
3806844075
1861786828
3251507587
3264692260
4018222598
1336872304
2588363614
3314393930
33581161
276773164
509498602
867467158
1033245328
2971866336
3306466016
3458454463
3894672200
147573103
353883353
758895617
1131912276
1171614426
1489967196
1912215274
2046537925
2634305738
2667966721
2728226064
2891838741
1693751655
767087018
3253274834
1456336509
2945871676
1909141499
634118882
2751205197
2983726598
3783366066
3884762073
4108429845
3950024287
2053223216
2948279460
296357396
2549763894
943752001
1162065741
4175309224
2255212070